 R(CM)=   5.00000  D(CM)=  25.00000   T(CM)=  10.00000
 GAMMA ENERGY= 780.0KEV   ATTEN COEFF=   0.34648 INVERSE CM
 Q2=   0.97511   Q4=   0.91865
