 R(CM)=   5.00000  D(CM)=  25.00000   T(CM)=  10.00000
 GAMMA ENERGY=2804.0KEV   ATTEN COEFF=   0.18846 INVERSE CM
 Q2=   0.97634   Q4=   0.92263
