 R(CM)=   5.00000  D(CM)=  25.00000   T(CM)=  10.00000
 GAMMA ENERGY= 779.0KEV   ATTEN COEFF=   0.34671 INVERSE CM
 Q2=   0.97510   Q4=   0.91865
