 R(CM)=   5.00000  D(CM)=  25.00000   T(CM)=  10.00000
 GAMMA ENERGY= 830.0KEV   ATTEN COEFF=   0.33550 INVERSE CM
 Q2=   0.97518   Q4=   0.91889
