 R(CM)=   5.00000  D(CM)=  25.00000   T(CM)=  10.00000
 GAMMA ENERGY=1609.0KEV   ATTEN COEFF=   0.23470 INVERSE CM
 Q2=   0.97594   Q4=   0.92133
